
ASRTU-1_20241120B
1 99130U 24099A   24325.50251157 -.00116495  00000-0 -49300-2 0 00007
2 99130 097.3801 190.0616 0017625 182.6138 328.7434 15.23136226000018

ASRTU-1_20241120A
1 99130U 24099A   24325.01863426  .00028885  00000-0  12201-2 0 00004
2 99130 097.3808 189.5853 0017276 183.7909 195.9530 15.23165710000012

ASRTU-1_20241119A
1 99130U 24099A   24324.30009259 -.00069719  00000-0 -29464-2 0 00003
2 99130 097.3818 188.8788 0017207 186.1153 216.1008 15.23195348000010

ASRTU-1_20241118A
1 99130U 24099A   24323.51347222  .00053855  00000-0  22774-2 0 00009
2 99130 097.3813 188.1059 0016918 189.4999 222.2020 15.23127530000011

ASRTU-1_20241117B
1 99130U 24099A   24322.54824074  .00070684  00000-0  29898-2 0 00009
2 99130 097.3811 187.1568 0016598 193.2377 329.2334 15.23117830000018

ASRTU-1_20241117A
1 99130U 24099A   24322.00410880  .00032080  00000-0  13577-2 0 00001
2 99130 097.3810 186.6205 0017010 195.0212 225.7663 15.23104422000015

ASRTU-1_20241116A
1 99130U 24099A   24321.00954861  .00028448  00000-0  12049-2 0 00008
2 99130 097.3815 185.6424 0016864 198.4541 172.4884 15.23082360000019

ASRTU-1_20241115A
1 99130U 24099A   24320.57425926  .00076116  00000-0  32250-2 0 00005
2 99130 097.3823 185.2154 0016498 200.2450 305.4881 15.23062225000011

ASRTU-1_20241114B
1 99130U 24099A   24319.96737269  .00031869  00000-0  13507-2 0 00002
2 99130 097.3822 184.6175 0016776 202.0798 218.1883 15.23058562000011

ASRTU-1_20241114A
1 99130U 24099A   24319.50612269 -.00131502  00000-0 -55620-2 0 00003
2 99130 097.3736 184.1533 0016532 208.3967 204.4280 15.23174264000012

ASRTU-1_20241113B
1 99130U 24099A   24318.67734954  .00006757  00000-0  28663-3 0 00005
2 99130 097.3830 183.3494 0016459 207.0752 344.5333 15.23043993000019

ASRTU-1_20241113A
1 99130U 24099A   24318.07438657  .00022100  00000-0  93766-3 0 00006
2 99130 097.3829 182.7558 0016650 209.6092 278.1250 15.23032951000011

ASRTU-1_20241112B
1 99130U 24099A   24317.48724537  .00058972  00000-0  25053-2 0 00004
2 99130 097.3830 182.1794 0016410 212.1118 298.4899 15.22975399000016

ASRTU-1_20241112A
1 99130U 24099A   24317.00667824  .00029582  00000-0  12565-2 0 00006
2 99130 097.3827 181.7061 0016577 213.4390 183.9866 15.22990433000012

ASRTU-1_20241111C
1 99130U 24099A   24316.56890046 -.00328134  00000-0 -13954-1 0 00009
2 99130 097.3824 181.2765 0016720 216.0612 302.6737 15.22998775000015

ASRTU-1_20241111B
1 99130U 24099A   24316.50546296 -.00100037  00000-0 -42534-2 0 00005
2 99130 097.3824 181.2137 0016429 215.2899 315.8545 15.22993645000016

ASRTU-1_20241111A
1 99130U 24099A   24316.03855324  .00026967  00000-0  11464-2 0 00003
2 99130 097.3830 180.7541 0016430 216.9542 275.8929 15.22965675000014

ASRTU-1_20241110A
1 99130U 24099A   24315.51987269 -.00065373  00000-0 -27824-2 0 00002
2 99130 097.3823 180.2448 0016316 219.0157 311.9108 15.22953814000019

ASRTU-1_20241108C1
1 99130U          24313.54186343 -.00140419  00000-0 -59909-2 0 00000
2 99130 097.3813 178.3003 0016265 227.1699 266.3080 15.22881382000012

ASRTU-1_20241108B
1 99994U          24313.08109954  .00017775  00000-0  75842-3 0 00003
2 99994 097.3835 177.8452 0016423 228.1985 260.8432 15.22847991000011

ASRTU-1_20241108
1 99995U          24313.00361111  .00032707  00000-0  13952-2 0 00005
2 99995 097.3825 177.7702 0016364 228.7008 195.8088 15.22846293000011

ASRTU-1_20241107B
1 99996U          24312.68981482  .00008607  00000-0  36734-3 0 00003
2 99996 097.3826 177.4620 0016213 230.2545 275.0464 15.22842314000014

ASRTU-1_20241107
1 99997U          24312.00767361  .00029170  00000-0  12462-2 0 00006
2 99997 097.3825 176.7911 0016208 232.3616 135.7334 15.22798387000012

ASRTU-1_20241105
1 99998U          24310.58290509 -.00354935  00000-0 -15199-1 0 00003
2 99998 097.3815 175.3914 0015935 238.3351 244.1709 15.22773883000012
OSCAR 7 (AO-7)          
1 07530U 74089B   24324.83522919 -.00000041  00000+0  32592-4 0  9997
2 07530 101.9893 321.0016 0012284 146.1768 274.3036 12.53682682288782
PHASE 3B (AO-10)        
1 14129U 83058B   24324.32115815  .00000188  00000+0  00000+0 0  9997
2 14129  27.3043 314.6783 6039230 318.2233   8.6383  2.05866612283653
UOSAT 2 (UO-11)         
1 14781U 84021B   24324.83694442  .00003172  00000+0  35082-3 0  9994
2 14781  97.7277 289.7384 0006255 288.8509  71.2030 14.88055695171622
LUSAT (LO-19)           
1 20442U 90005G   24324.44099815  .00000335  00000+0  13708-3 0  9993
2 20442  98.8939 318.9079 0012771  90.6674 269.5973 14.33762968820029
EYESAT A (AO-27)        
1 22825U 93061C   24324.59869946  .00000246  00000+0  11149-3 0  9999
2 22825  98.7685  18.8473 0008150 351.9947   8.1104 14.30658688625104
ITAMSAT (IO-26)         
1 22826U 93061D   24324.60493063  .00000277  00000+0  12227-3 0  9997
2 22826  98.7633  18.7234 0008378 335.6861  24.3925 14.31057236625371
RADIO ROSTO (RS-15)     
1 23439U 94085A   24324.94162285 -.00000055  00000+0 -35513-3 0  9990
2 23439  64.8128 151.8879 0146683 113.8769 247.7602 11.27580282231150
JAS-2 (FO-29)           
1 24278U 96046B   24325.20289447  .00000033  00000+0  66786-4 0  9992
2 24278  98.5862 239.4257 0350645 144.0422 218.4869 13.53222282395785
TECHSAT 1B (GO-32)      
1 25397U 98043D   24324.50874425  .00000246  00000+0  12667-3 0  9996
2 25397  98.9450 293.7264 0002367  78.1530 281.9913 14.24192287369526
ISS (ZARYA)             
1 25544U 98067A   24325.05772537 -.00616992  00000+0 -11832-1 0  9992
2 25544  51.6408 263.1527 0007793 241.4078 207.7442 15.49574119482729
PCSAT (NO-44)           
1 26931U 01043C   24324.32807636  .00000473  00000+0  20884-3 0  9997
2 26931  67.0504 290.6790 0007232 262.0945  97.9336 14.31502302208154
SAUDISAT 1C (SO-50)     
1 27607U 02058C   24324.99577754  .00003137  00000+0  42525-3 0  9999
2 27607  64.5539 102.1920 0031985  32.1439 328.1607 14.80325487179588
CUTE-1 (CO-55)          
1 27844U 03031E   24324.01465549  .00000622  00000+0  29175-3 0  9997
2 27844  98.6785 328.9401 0010701  59.0875 301.1355 14.23645868109814
CUBESAT XI-IV (CO-57)   
1 27848U 03031J   24324.57474038  .00000631  00000+0  29916-3 0  9998
2 27848  98.6816 329.6431 0010719  72.6496 287.5854 14.23033885109689
MOZHAYETS 4 (RS-22)     
1 27939U 03042A   24325.17909299  .00002810  00000+0  46406-3 0  9994
2 27939  98.3074 124.1645 0010701 289.4243 179.2973 14.71202407131200
CUBESAT XI-V            
1 28895U 05043F   24325.07726445  .00004304  00000+0  73510-3 0  9994
2 28895  98.2235 101.5016 0014555 222.3902 137.6179 14.69381492 17567
CUTE-1.7+APD II (CO-65) 
1 32785U 08021C   24325.15600455  .00009571  00000+0  76521-3 0  9993
2 32785  97.7725 289.7122 0011433 168.2488 191.9004 15.00381635898904
SEEDS II (CO-66)        
1 32791U 08021J   24324.81914506  .00019692  00000+0  12052-2 0  9990
2 32791  97.7092 295.8969 0006694 119.1159 241.0741 15.10234305899951
YUBILEINY (RS-30)       
1 32953U 08025A   24325.12294402  .00000024  00000+0  10353-3 0  9997
2 32953  82.5044 352.4975 0020560 123.5599 236.7448 12.43153441748505
KKS-1 (KISEKI)          
1 33499U 09002H   24324.84808865  .00003710  00000+0  49478-3 0  9996
2 33499  98.1266 228.2625 0008467   0.4039 359.7178 14.80205666851136
SWISSCUBE               
1 35932U 09051B   24324.57457843  .00002286  00000+0  48405-3 0  9996
2 35932  98.4484 210.9102 0006423 188.1485 171.9611 14.60228189805220
BEESAT-1                
1 35933U 09051C   24324.34070822  .00001910  00000+0  40983-3 0  9996
2 35933  98.4416 211.3636 0004605 199.9727 160.1292 14.59802848805258
ITUPSAT1                
1 35935U 09051E   24324.74442996  .00001875  00000+0  41248-3 0  9992
2 35935  98.4519 211.4674 0006703 211.4230 148.6569 14.58679203804935
XIWANG-1 (HOPE-1)       
1 36122U 09072B   24324.76142293  .00000005  00000+0  12784-3 0  9990
2 36122 100.3192 279.0859 0008065 105.4774 254.7230 13.16413388717421
O/OREOS (USA 219)       
1 37224U 10062C   24324.34781588  .00004474  00000+0  47671-3 0  9992
2 37224  71.9715 298.6299 0012988  76.7586 283.5030 14.89332871 30912
JUGNU                   
1 37839U 11058B   24324.71729597  .00000621  00000+0  18541-3 0  9997
2 37839  19.9596 197.7286 0018683 212.9565 187.4502 14.13423141677648
SRMSAT                  
1 37841U 11058D   24325.18045421  .00000636  00000+0  20286-3 0  9994
2 37841  19.9727 293.1789 0011740  10.7848  93.4219 14.11287894676844
STRAND-1                
1 39090U 13009E   24324.49303044  .00000786  00000+0  28232-3 0  9996
2 39090  98.3779 148.5567 0009377 143.0747 217.1087 14.36462659614535
ZACUBE-1 (TSHEPISOSAT)  
1 39417U 13066B   24324.43996017  .00009042  00000+0  86079-3 0  9991
2 39417  97.7559 277.4138 0048210   8.9487 351.2580 14.92749659594717
GOMX-1                  
1 39430U 13066Q   24325.12299555  .00003569  00000+0  57468-3 0  9994
2 39430  97.7057 190.0291 0137382 115.9557 245.5877 14.65936396585878
CUBEBUG-2 (LO-74)       
1 39440U 13066AA  24324.72433322  .00006749  00000+0  73799-3 0  9990
2 39440  97.8292 265.4399 0067793 123.4779 237.2941 14.86469063591417
FUNCUBE-1 (AO-73)       
1 39444U 13066AE  24325.12316760  .00015100  00000+0  12967-2 0  9995
2 39444  97.7411 281.7194 0043978 344.9942  14.9972 14.96795690593985
UWE-3                   
1 39446U 13066AG  24323.83572820  .00006128  00000+0  63166-3 0  9992
2 39446  97.8005 270.7098 0059242  70.7078 290.0534 14.89280229591699
UNISAT-6                
1 40012U 14033C   24324.67111316  .00006677  00000+0  81920-3 0  9997
2 40012  97.7188 121.1789 0050650 156.4009 203.9544 14.82499635560851
DUCHIFAT-1              
1 40021U 14033M   24324.93187688  .00030250  00000+0  15787-2 0  9992
2 40021  98.1005 317.7484 0008692 302.1976  57.8411 15.15851168567644
QB50P1                  
1 40025U 14033R   24324.39471792  .00012568  00000+0  89843-3 0  9995
2 40025  98.0637 290.9194 0013104  27.2320 332.9589 15.04552828566179
XW-2C                   
1 40906U 15049H   24325.12903083  .00107100  00000+0  11037-2 0  9992
2 40906  97.4603 347.8745 0007409  93.8925 266.3181 15.64450398508649
LILACSAT-2              
1 40908U 15049K   24325.17558680  .00014689  00000+0  47982-3 0  9996
2 40908  97.5206 335.5466 0011804 150.0994 210.0924 15.31785189507329
XW-2B                   
1 40911U 15049N   24325.09359383  .02611637  24757-5  13256-2 0  9995
2 40911  97.4353 353.8508 0002746 217.6497 142.4600 16.20640043508966
LAPAN-A2                
1 40931U 15052B   24322.18265442  .00001592  00000+0  12634-3 0  9990
2 40931   6.0008 339.1587 0012218  92.8814 267.2712 14.78351066494134
FOX-1A (AO-85)          
1 40967U 15058D   24324.25742105  .00006518  00000+0  57259-3 0  9996
2 40967  64.7769 259.1580 0186313 257.4860 100.5352 14.84965773 27998
CAS-2T & KS-1Q          
1 41847U 16066G   24324.83341434  .00001917  00000+0  28226-3 0  9998
2 41847  98.4452  34.9578 0351032  68.3024 295.5153 14.42419629421921
ZHUHAI-1 02 (CAS-4B)    
1 42759U 17034B   24325.24803682  .00036479  00000+0  91531-3 0  9991
2 42759  43.0154  58.4246 0014390 328.6244  31.3752 15.39279723411354
ZHUHAI-1 01 (CAS-4A)    
1 42761U 17034D   24325.16810608  .00037111  00000+0  92235-3 0  9997
2 42761  43.0190  57.0691 0014864 337.2566  22.7631 15.39555299411350
RADFXSAT (FOX-1B)       
1 43017U 17073E   24324.86759625  .00014929  00000+0  83029-3 0  9995
2 43017  97.5501 195.1345 0196610 130.5349 231.3184 14.98705994378938
DIWATA-2B               
1 43678U 18084H   24325.19745033  .00003222  00000+0  28790-3 0  9994
2 43678  98.0861 128.0812 0007976 229.1065 130.9466 14.96645729330242
ES'HAIL 2               
1 43700U 18090A   24324.80007292  .00000146  00000+0  00000+0 0  9994
2 43700   0.0136 323.5974 0002252 313.6525  95.8883  1.00272417 22161
FOX-1CLIFF (AO-95)      
1 43770U 18099N   24325.10673629  .00016519  00000+0  99145-3 0  9990
2 43770  97.5238  19.9376 0012206 184.1535 175.9596 15.10936690326069
ITASAT                  
1 43786U 18099AE  24324.13911372  .00008505  00000+0  55075-3 0  9999
2 43786  97.4893  17.2359 0015916 178.0174 182.1121 15.08281700325892
JY1SAT (JO-97)          
1 43803U 18099AX  24324.57672174  .00015677  00000+0  88338-3 0  9997
2 43803  97.4988  20.1725 0009594 124.5506 235.6632 15.13249903326142
UWE-4                   
1 43880U 18111E   24325.14068655  .00022366  00000+0  11499-2 0  9990
2 43880  97.5989 230.2517 0013791 181.9993 178.1187 15.16390693321005
DUCHIFAT-3              
1 44854U 19089C   24324.93984923  .00034597  00000+0  12838-2 0  9995
2 44854  36.9504 177.1844 0012258 325.1591  34.8356 15.26646079271926
TIANYAN 01              
1 44881U 19093C   24325.18419373  .00002170  00000+0  26215-3 0  9997
2 44881  97.8155  38.9337 0014322 167.0601 193.0984 14.84694588266182
RS-44 & BREEZE-KM R/B   
1 44909U 19096E   24324.61414784  .00000022  00000+0  37315-4 0  9997
2 44909  82.5234   1.4954 0218273  48.0417 313.9057 12.79736122228855
SALSAT                  
1 46495U 20068K   24324.88310027  .00011987  00000+0  59990-3 0  9998
2 46495  97.8379 288.7014 0014338 131.6806 228.5656 15.17481671227889
LEDSAT                  
1 49069U 21073D   24325.16579763  .00043515  00000+0  12305-2 0  9991
2 49069  97.4188  36.1470 0015827  90.2399 270.0658 15.36070788180296
XW-3 (CAS-9)            
1 50466U 21131B   24325.19694750  .00001052  00000+0  34603-3 0  9992
2 50466  98.5222  49.5402 0004520  33.7487 326.3988 14.40263256152457
GREENCUBE               
1 53106U 22080B   24323.52137211 -.00000003  00000+0  00000+0 0  9995
2 53106  70.1294 138.9057 0008387  72.7310 287.4267  6.42557804 55185
CAS-5A (FO-118)         
1 54684U 22167C   24325.18420914  .00091098  00000+0  15202-2 0  9998
2 54684  97.6161 115.8426 0008954 302.8905  57.1484 15.51599029108283
STRATOSAT-TK 1 (RS52S)  
1 57167U 23091B   24325.20643498  .00028108  00000+0  12177-2 0  9991
2 57167  97.5882  18.6120 0011744 302.1950  57.8147 15.22296773 77204
UMKA 1 (RS40S)          
1 57172U 23091G   24325.21539867  .00008677  00000+0  51924-3 0  9995
2 57172  97.5906  15.8554 0014618 311.9466  48.0518 15.11188434 77026
CUBESX-HSE 3 (RS42S)    
1 57178U 23091N   24325.16087506  .00013710  00000+0  75307-3 0  9998
2 57178  97.5937  16.7811 0014566 303.7201  56.2641 15.14146941 77062
MONITOR-4 (RS57S)       
1 57182U 23091S   24325.14891593  .00014138  00000+0  79606-3 0  9991
2 57182  97.5927  16.4121 0014950 305.6957  54.2882 15.13247305 77041
MONITOR-2 (RS39S)       
1 57184U 23091U   24325.12410731  .00008251  00000+0  49969-3 0  9990
2 57184  97.5931  16.1768 0012132 301.4860  58.5184 15.10799098 77027
SVYATOBOR 1 (RS60S)     
1 57187U 23091X   24325.13117227  .00012180  00000+0  68034-3 0  9998
2 57187  97.5933  17.0953 0011264 296.5813  63.4264 15.13611905 77088
VIZARD-METEO (RS38S)    
1 57189U 23091Z   24325.09244237  .00017520  00000+0  90835-3 0  9994
2 57189  97.5925  17.8633 0010074 292.2225  67.7938 15.16185459 77136
NANOZOND 1 (RS49S)      
1 57190U 23091AA  24325.10892907  .00030224  00000+0  13321-2 0  9991
2 57190  97.5890  19.2022 0008267 293.7148  66.3220 15.21725111 77239
POLYTECH-UNIVERSE 3 (R*)
1 57191U 23091AB  24325.13065659  .00008376  00000+0  50589-3 0  9992
2 57191  97.5901  15.7958 0017385 318.4809  41.5099 15.10823645 77016
UTMN 2 (RS27S)          
1 57203U 23091AP  24325.15249761  .00015820  00000+0  84267-3 0  9998
2 57203  97.5926  17.6264 0010456 293.1391  66.8739 15.15249283 77123
ARCCUBE 1 (RS25S)       
1 57205U 23091AR  24325.09577442  .00037171  00000+0  14958-2 0  9995
2 57205  97.5844  19.6637 0008167 293.5005  66.5373 15.24762240 77272
KUZGTU 1 (RS47S)        
1 57217U 23091AV  24325.19137048  .00012244  00000+0  67905-3 0  9998
2 57217  97.5910  16.5755 0014521 305.2523  54.7349 15.13829819 77066
SONATE-2                
1 59112U 24043Q   24325.16433717  .00023805  00000+0  93474-3 0  9996
2 59112  97.4948  88.1585 0013704 107.8559 252.4174 15.25622169 39529
MESAT1                  
1 60209U 24125G   24324.55296955  .00019606  00000+0  76669-3 0  9990
2 60209  97.2999 173.6072 0024249 134.3607 225.9624 15.25605713 21047
OOV-CUBE (TUBSAT-30)    
1 60240U 24128F   24324.77789713  .00004281  00000+0  37421-3 0  9997
2 60240  61.9984  62.1780 0025292 359.9725   0.1358 14.98084434 19906
CUTE-1 (CO-55)          
1 27844U 03031E   24324.01465549  .00000622  00000+0  29175-3 0  9997
2 27844  98.6785 328.9401 0010701  59.0875 301.1355 14.23645868109814
CUBESAT XI-IV (CO-57)   
1 27848U 03031J   24324.57474038  .00000631  00000+0  29916-3 0  9998
2 27848  98.6816 329.6431 0010719  72.6496 287.5854 14.23033885109689
CUBESAT XI-V            
1 28895U 05043F   24325.07726445  .00004304  00000+0  73510-3 0  9994
2 28895  98.2235 101.5016 0014555 222.3902 137.6179 14.69381492 17567
CUTE-1.7+APD II (CO-65) 
1 32785U 08021C   24325.15600455  .00009571  00000+0  76521-3 0  9993
2 32785  97.7725 289.7122 0011433 168.2488 191.9004 15.00381635898904
AAUSAT-II               
1 32788U 08021F   24323.89262634  .00050980  00000+0  15765-2 0  9990
2 32788  97.6050 306.1569 0005815  44.5376 315.6332 15.33316137901988
CANX-2                  
1 32790U 08021H   24325.13327072  .00008419  00000+0  71050-3 0  9990
2 32790  97.7920 288.2652 0011311 160.7250 199.4402 14.98339596898694
SEEDS II (CO-66)        
1 32791U 08021J   24324.81914506  .00019692  00000+0  12052-2 0  9990
2 32791  97.7092 295.8969 0006694 119.1159 241.0741 15.10234305899951
SWISSCUBE               
1 35932U 09051B   24324.57457843  .00002286  00000+0  48405-3 0  9996
2 35932  98.4484 210.9102 0006423 188.1485 171.9611 14.60228189805220
BEESAT-1                
1 35933U 09051C   24324.34070822  .00001910  00000+0  40983-3 0  9996
2 35933  98.4416 211.3636 0004605 199.9727 160.1292 14.59802848805258
ITUPSAT1                
1 35935U 09051E   24324.74442996  .00001875  00000+0  41248-3 0  9992
2 35935  98.4519 211.4674 0006703 211.4230 148.6569 14.58679203804935
TISAT 1                 
1 36799U 10035E   24324.45472398  .00014986  00000+0  96339-3 0  9990
2 36799  98.0702 221.0335 0006453  71.0730 289.1195 15.08507015780411
AEROCUBE 4.5A           
1 38767U 12048K   24324.54869986  .00021745  00000+0  87749-3 0  9992
2 38767  64.6511 171.7587 0110053 328.2506  31.2012 15.19339447283983
AEROCUBE 4.5B           
1 38768U 12048L   24325.03143762  .00125497  00000+0  20402-2 0  9996
2 38768  64.6473  79.5266 0072678 315.6925  43.8410 15.49046931285333
STRAND-1                
1 39090U 13009E   24324.49303044  .00000786  00000+0  28232-3 0  9996
2 39090  98.3779 148.5567 0009377 143.0747 217.1087 14.36462659614535
BRITE-AUSTRIA           
1 39091U 13009F   24324.57362853  .00000456  00000+0  17136-3 0  9994
2 39091  98.3828 147.9097 0010773 150.5178 209.6618 14.36070461614571
NEE-01 PEGASO           
1 39151U 13018B   24325.07382440  .00006826  00000+0  74404-3 0  9999
2 39151  98.0524  84.1096 0013401 249.2929 110.6851 14.88241348625146
ESTCUBE 1               
1 39161U 13021C   24325.14179299  .00004025  00000+0  56280-3 0  9999
2 39161  97.8103  26.8650 0009995  85.9247 274.3107 14.78104948620158
POPACS 1                
1 39268U 13055D   24324.42873543  .00056258  65913-7  78059-3 0  9992
2 39268  80.9832 330.7067 0335754 306.4830  50.5885 15.11774764583827
POPACS 2                
1 39269U 13055E   24324.73588001  .00034388  00000+0  74492-3 0  9994
2 39269  81.0005  69.5805 0519495 205.8764 151.5610 14.64780507578307
POPACS 3                
1 39270U 13055F   24324.49122668  .00013487  00000+0  35710-3 0  9999
2 39270  81.0054 126.0059 0608693   3.6535 356.8795 14.41793831576000
ZACUBE-1 (TSHEPISOSAT)  
1 39417U 13066B   24324.43996017  .00009042  00000+0  86079-3 0  9991
2 39417  97.7559 277.4138 0048210   8.9487 351.2580 14.92749659594717
WNISAT-1                
1 39423U 13066H   24324.91837712  .00002848  00000+0  54363-3 0  9995
2 39423  97.6651 146.7037 0166637 239.8171 118.6433 14.56152447583309
TRITON-1                
1 39427U 13066M   24325.12762032  .00007990  00000+0  10645-2 0  9992
2 39427  97.8388 238.2742 0097049 299.9636  59.1967 14.76643439589399
DELFI-N3XT              
1 39428U 13066N   24324.61325617  .00013226  00000+0  15135-2 0  9998
2 39428  97.8355 239.2517 0091654 304.4893  54.7689 14.83070737589089
GOMX-1                  
1 39430U 13066Q   24325.12299555  .00003569  00000+0  57468-3 0  9994
2 39430  97.7057 190.0291 0137382 115.9557 245.5877 14.65936396585878
CUBEBUG-2 (LO-74)       
1 39440U 13066AA  24324.72433322  .00006749  00000+0  73799-3 0  9990
2 39440  97.8292 265.4399 0067793 123.4779 237.2941 14.86469063591417
NEE-02 KRYSAOR          
1 39441U 13066AB  24325.10139912  .00004651  00000+0  56353-3 0  9999
2 39441  97.8372 260.9771 0072437 146.9986 213.5780 14.82225377592178
FUNCUBE-1 (AO-73)       
1 39444U 13066AE  24325.12316760  .00015100  00000+0  12967-2 0  9995
2 39444  97.7411 281.7194 0043978 344.9942  14.9972 14.96795690593985
UWE-3                   
1 39446U 13066AG  24323.83572820  .00006128  00000+0  63166-3 0  9992
2 39446  97.8005 270.7098 0059242  70.7078 290.0534 14.89280229591699
BRITE-CA1 (TORONTO)     
1 40020U 14033L   24324.83792152  .00002100  00000+0  33739-3 0  9999
2 40020  97.8996  96.8003 0080748 315.5587  43.9159 14.70525150557843
DUCHIFAT-1              
1 40021U 14033M   24324.93187688  .00030250  00000+0  15787-2 0  9992
2 40021  98.1005 317.7484 0008692 302.1976  57.8411 15.15851168567644
NANOSATC-BR1            
1 40024U 14033Q   24324.74029228  .00017083  00000+0  10578-2 0  9991
2 40024  98.0810 304.1169 0006950  30.4008 329.7621 15.09846846566667
QB50P1                  
1 40025U 14033R   24324.39471792  .00012568  00000+0  89843-3 0  9995
2 40025  98.0637 290.9194 0013104  27.2320 332.9589 15.04552828566179
QB50P2                  
1 40032U 14033Y   24324.44383480  .00012079  00000+0  90127-3 0  9999
2 40032  98.0191 281.5416 0008874 334.2505  25.8276 15.02983727565959
PERSEUS-M2              
1 40037U 14033AD  24325.10693266  .00004721  00000+0  46948-3 0  9991
2 40037  97.9378 256.6579 0014182  46.3666 313.8726 14.92089549565564
PERSEUS-M1              
1 40039U 14033AF  24324.74886775  .00004283  00000+0  42786-3 0  9990
2 40039  97.9149 251.8927 0013965  46.6802 313.5578 14.91957221564863
POLYITAN-1              
1 40042U 14033AJ  24324.75462685  .00019365  00000+0  12108-2 0  9996
2 40042  98.0882 296.2768 0010932 343.2947  16.7918 15.09433643566247
TIGRISAT                
1 40043U 14033AK  24325.06819275  .00005796  00000+0  73724-3 0  9998
2 40043  97.7108 121.4276 0053866 154.2798 206.1112 14.80932366560817
AEROCUBE 6A             
1 40045U 14033AM  24324.41607989  .00009389  00000+0  10157-2 0  9997
2 40045  97.6767 132.2685 0047296 129.9565 230.5821 14.87655348560833
AEROCUBE 6B             
1 40046U 14033AN  24324.42333946  .00010590  00000+0  11182-2 0  9993
2 40046  97.6742 131.1336 0046018 124.5331 236.0243 14.88644189560900
CANX-4                  
1 40055U 14034C   24325.04548330  .00002652  00000+0  36458-3 0  9992
2 40055  98.3794 166.3196 0014310  55.5305 304.7254 14.79170130559614
CANX-5                  
1 40056U 14034D   24325.04959384  .00002650  00000+0  36427-3 0  9992
2 40056  98.3796 166.3352 0014304  55.7702 304.4861 14.79181112559610
UKUBE-1                 
1 40074U 14037F   24324.37714662  .00012966  00000+0  10742-2 0  9990
2 40074  98.3529 264.4276 0001018 301.0707  59.0414 14.98998838561981
BRITE-PL2 (HEWELIUSZ)   
1 40119U 14049B   24324.98515842  .00004408  00000+0  45406-3 0  9997
2 40119  97.8877  64.1643 0014659 207.3957 152.6489 14.90706991555865
AEROCUBE 5C             
1 40965U 15058B   24325.14544904  .00007442  00000+0  63723-3 0  9990
2 40965  64.7691 241.9803 0188245 261.4745  96.4993 14.85524652280173
AEROCUBE 7              
1 40966U 15058C   24324.32980143  .00007492  00000+0  61153-3 0  9999
2 40966  64.7662 236.6230 0182035 261.3255  96.7198 14.88018949280162
FOX-1A (AO-85)          
1 40967U 15058D   24324.25742105  .00006518  00000+0  57259-3 0  9996
2 40967  64.7769 259.1580 0186313 257.4860 100.5352 14.84965773 27998
SINOD-D 1               
1 40968U 15058E   24323.98836647  .00007500  00000+0  62301-3 0  9997
2 40968  64.7772 251.0466 0179063 256.5341 101.5761 14.87739200 30812
SNAP-3 ALICE            
1 40970U 15058G   24324.36381242  .00020344  00000+0  11341-2 0  9997
2 40970  64.7664 196.1855 0138261 254.2899 104.2933 15.05772479 29066
LMRST-SAT               
1 40971U 15058H   24324.23963053  .00006233  00000+0  54709-3 0  9997
2 40971  64.7770 254.7806 0187727 258.8886  99.1065 14.84872433 27994
SNAP-3 EDDIE            
1 40972U 15058J   24324.59843144  .00022553  00000+0  12379-2 0  9994
2 40972  64.7635 188.5028 0138311 255.1434 103.4332 15.06248954 31204
PROPCUBE 3              
1 40973U 15058K   24324.19178033  .00007145  00000+0  59508-3 0  9995
2 40973  64.7702 241.1652 0183701 260.2902  97.7418 14.87131110 29052
BISONSAT                
1 40974U 15058L   24324.08388288  .00013171  00000+0  87776-3 0  9993
2 40974  64.7653 209.3829 0157833 257.9156 100.4236 14.97659489 28909
SNAP-3 JIMI             
1 40975U 15058M   24324.16831168  .00009792  00000+0  74299-3 0  9993
2 40975  64.7682 226.5640 0172858 259.2447  98.9165 14.91517452 28107
PROPCUBE 1 (FLORA)      
1 40976U 15058N   24324.42643196  .00006347  00000+0  57844-3 0  9995
2 40976  64.7760 270.5161 0186688 260.1996  97.7989 14.83596438 30801
SINOD-D 3               
1 40977U 15058P   24324.44481229  .00008094  00000+0  69627-3 0  9998
2 40977  64.7743 262.0460 0179287 259.3965  98.6908 14.86371154 29071
HORYU-4                 
1 41340U 16012D   24324.59697818  .00023573  00000+0  92854-3 0  9990
2 41340  31.0025  37.5258 0009909 123.9124 236.2461 15.24379091481811
RAVAN                   
1 41849U 16067B   24324.99763953  .00024922  00000+0  11353-2 0  9995
2 41849  98.0599 152.5497 0010830 215.9371 144.1135 15.20617472439607
CELTEE 1                
1 41850U 16067C   24324.94360623  .00010266  00000+0  62937-3 0  9990
2 41850  98.1073 142.9671 0001843  55.3808 304.7593 15.10366051438906
OPTICUBE 04             
1 41851U 16067D   24324.93138996  .00005391  00000+0  38420-3 0  9999
2 41851  98.0856 136.7662 0015992 253.0714 106.8758 15.04945761438648
AEROCUBE 8D             
1 41852U 16067E   24324.44437768  .00010973  00000+0  63710-3 0  9997
2 41852  98.1117 142.6709 0004156 315.1555  44.9338 15.12316379438823
AEROCUBE 8C             
1 41853U 16067F   24324.46006481  .00011525  00000+0  66834-3 0  9998
2 41853  98.0936 140.8947 0006324 232.9993 127.0657 15.12334601438811
PROMETHEUS 2-1          
1 41854U 16067G   24324.49979411  .00031708  00000+0  11611-2 0  9991
2 41854  98.0947 151.4242 0009153 246.1635 113.8644 15.27932394439351
PROMETHEUS 2-3          
1 41855U 16067H   24324.50213088  .00033942  00000+0  12458-2 0  9997
2 41855  98.0886 150.7647 0007841 257.8716 102.1643 15.27850324439358
CORVUS BC2              
1 42846U 17042X   24324.87780792  .00006505  00000+0  52379-3 0  9995
2 42846  97.3716 141.5995 0009181 254.4441 105.5770 15.00232013400765
CORVUS BC1              
1 42847U 17042Y   24324.88979477  .00006908  00000+0  55399-3 0  9999
2 42847  97.3691 142.0241 0008752 236.2262 123.8129 15.00369934400786
MIRATA                  
1 43015U 17073C   24324.58677830  .00039153  00000+0  13373-2 0  9999
2 43015  97.5675 208.5972 0138935  84.9212 276.7864 15.21365748379834
MAKERSAT 0              
1 43016U 17073D   24324.63135449  .00018889  00000+0  92422-3 0  9997
2 43016  97.5449 199.7437 0174287 114.4437 247.5082 15.05804245379233
SIRION PATHFINDER-2     
1 43759U 18099B   24324.08953523  .00007184  00000+0  49436-3 0  9993
2 43759  97.5091  16.0283 0011699 116.7087 243.5339 15.06133447325796
CORVUS BC4              
1 43767U 18099K   24324.40954809  .00006615  00000+0  46910-3 0  9998
2 43767  97.4920  13.0288 0010031 166.8647 193.2843 15.05049914325711
MOVE-II                 
1 43780U 18099Y   24325.13765007  .00055808  00000+0  18863-2 0  9997
2 43780  97.4986  27.8523 0005096 147.9939 212.1612 15.30434721326642
SPACEBEE-7              
1 43816U 18099BL  24324.63854306  .00025635  00000+0  11598-2 0  9995
2 43816  97.5277  27.1497 0009020 107.8148 252.4072 15.20856169325950
SPACEBEE-6              
1 43818U 18099BN  24325.16270303  .00200901  00000+0  29716-2 0  9997
2 43818  97.5149  37.3335 0001838  90.3040 269.8424 15.54593429326824
SHIELDS 1               
1 43850U 18104B   24324.55070426  .00023595  00000+0  47773-3 0  9992
2 43850  85.0205 177.0984 0007813 189.1971 170.9142 15.46254815330093
SONATE                  
1 44400U 19038Q   24325.05154243  .00052975  00000+0  10219-2 0  9995
2 44400  97.7138 327.4863 0009206 268.1351  91.8844 15.47621166298063
LUCKY-7                 
1 44406U 19038W   24325.09707968  .00344256  00000+0  15997-2 0  9997
2 44406  97.6891 335.6297 0004679 195.1037 165.0092 15.82486053298629
DUCHIFAT-3              
1 44854U 19089C   24324.93984923  .00034597  00000+0  12838-2 0  9995
2 44854  36.9504 177.1844 0012258 325.1591  34.8356 15.26646079271926
M2 PATHFINDER           
1 45727U 20037E   24324.74065412  .00004724  00000+0  38965-3 0  9991
2 45727  97.7796 140.6781 0011604 325.2965  34.7500 14.99461341239233
NETSAT-4                
1 46504U 20068U   24324.72367625  .00018009  00000+0  80373-3 0  9999
2 46504  97.8252 286.8387 0008733 166.6680 193.4787 15.21409022227769
NETSAT-3                
1 46505U 20068V   24325.16460179  .00019468  00000+0  88557-3 0  9999
2 46505  97.8241 286.6084 0007738 174.6122 185.5197 15.20743685227812
NETSAT-1                
1 46506U 20068W   24325.17149566  .00015854  00000+0  78452-3 0  9993
2 46506  97.8263 285.6065 0006427 186.9498 173.1646 15.17879731227743
NETSAT-2                
1 46507U 20068X   24325.14027980  .00019484  00000+0  87208-3 0  9998
2 46507  97.8237 286.8579 0005388 186.0722 174.0448 15.21313808227770
WILDTRACKCUBE-SIMBA     
1 47941U 21022K   24325.19148864  .00027715  00000+0  93958-3 0  9997
2 47941  97.4405 221.2275 0011433 327.2162  32.8368 15.30453154202243
GRBALPHA                
1 47959U 21022AD  24325.11336107  .00061114  00000+0  15131-2 0  9994
2 47959  97.4399 224.5022 0008098 320.4872  39.5783 15.40181020201274
BEESAT-8                
1 48085U 21022AP  24324.49784569  .00125701  00000+0  18139-2 0  9998
2 48085  97.4695 230.0094 0002731 339.8947  20.2199 15.55537569201794
LEDSAT                  
1 49069U 21073D   24325.16579763  .00043515  00000+0  12305-2 0  9991
2 49069  97.4188  36.1470 0015827  90.2399 270.0658 15.36070788180296
ROBUSTA-1F (MTCUBE 2)   
1 53109U 22080E   24324.41943314 -.00000003  00000+0  00000+0 0  9996
2 53109  70.1141 138.1481 0008348  55.0443 305.1000  6.42584291 55138
SITRO-AIS 5 (KATYS)     
1 57176U 23091L   24325.21788930  .00012710  00000+0  71097-3 0  9992
2 57176  97.5910  16.3693 0015047 310.4839  49.5080 15.13506029 77059
SITRO-AIS 6 (CHIRKIN)   
1 57192U 23091AC  24325.13247738  .00014289  00000+0  79835-3 0  9998
2 57192  97.5907  16.3150 0014812 310.6251  49.3691 15.13524302 77049
SITRO-AIS 8 (ANOKHIN)   
1 57193U 23091AD  24325.11712403  .00015449  00000+0  84561-3 0  9994
2 57193  97.5902  16.4778 0014600 311.0463  48.9506 15.14242292 77054
SITRO-AIS 7 (FARTUSHNIY)
1 57194U 23091AE  24325.14390745  .00014619  00000+0  81884-3 0  9992
2 57194  97.5908  16.2912 0014719 311.4117  48.5848 15.13430437 77043
SITRO-AIS 10 (BURDAEV)  
1 57199U 23091AK  24325.21010200  .00014691  00000+0  75429-3 0  9998
2 57199  97.5920  17.9847 0009804 297.5898  62.4338 15.16571847 77151
SITRO-AIS 9 (SHCHUKIN)  
1 57201U 23091AM  24325.14571032  .00017294  00000+0  88863-3 0  9997
2 57201  97.5917  17.8836 0009806 297.9256  62.0983 15.16508309 77146
SITRO-AIS 12 (SMIRENNIY)
1 57204U 23091AQ  24325.15413501  .00017704  00000+0  90443-3 0  9990
2 57204  97.5925  18.0875 0009689 290.9705  69.0490 15.16707913 77158
SITRO-AIS 11 (SHEFFER)  
1 57208U 23091AU  24325.12842881  .00017585  00000+0  89475-3 0  9998
2 57208  97.5920  18.1065 0009602 291.3883  68.6325 15.16850490 77157
VERONIKA                
1 58261U 23174F   24325.15840021  .00049233  00000+0  14842-2 0  9997
2 58261  97.4431  39.5551 0009469  53.2867 306.9244 15.34106900 57503
ROBUSTA-1E (ENSO)       
1 58470U 23185J   24325.16272314  .00038396  00000+0  11635-2 0  9991
2 58470  97.4055  31.0717 0010847  87.3396 272.9088 15.33987985 53957
SITRO-AIS 29            
1 59052U 24039B   24325.05305842  .00070217  00000+0  15419-2 0  9990
2 59052  97.4081 287.3761 0015204  37.0648 323.1647 15.43664589 40490
SITRO-AIS 30            
1 59053U 24039C   24325.13740651  .00072793  00000+0  16200-2 0  9991
2 59053  97.4081 287.4104 0015475  37.3618 322.8703 15.43251270 40491
SITRO-AIS 31            
1 59054U 24039D   24325.17311743  .00070699  00000+0  15548-2 0  9999
2 59054  97.4080 287.5158 0015287  37.4010 322.8299 15.43617113 40525
SITRO-AIS 33            
1 59055U 24039E   24325.15285495  .00068779  00000+0  15074-2 0  9992
2 59055  97.4082 287.5546 0014997  38.3464 321.8847 15.43731850 40511
SITRO-AIS 35            
1 59056U 24039F   24325.14740191  .00071383  00000+0  15601-2 0  9992
2 59056  97.4081 287.5570 0014884  38.9778 321.2540 15.43805657 40518
SITRO-AIS 32            
1 59057U 24039G   24325.17215953  .00060410  00000+0  13375-2 0  9994
2 59057  97.4087 287.5301 0015144  38.8851 321.3483 15.43463711 40516
SITRO-AIS 34            
1 59058U 24039H   24325.15225845  .00059210  00000+0  12990-2 0  9992
2 59058  97.4084 287.5572 0014935  38.3068 321.9238 15.43744373 40516
SITRO-AIS 36            
1 59059U 24039J   24325.19827925  .00059289  00000+0  12952-2 0  9998
2 59059  97.4083 287.6424 0014803  38.7236 321.5070 15.43873025 40526
SITRO-AIS 49            
1 59060U 24039K   24325.14674533  .00068543  00000+0  15090-2 0  9999
2 59060  97.4086 287.5618 0014813  38.3797 321.8502 15.43601931 40511
SITRO-AIS 50            
1 59061U 24039L   24325.10792336  .00068800  00000+0  14863-2 0  9991
2 59061  97.4082 287.6083 0014731  38.7523 321.4779 15.44163287 40515
SITRO-AIS 51            
1 59062U 24039M   24325.17142701  .00063376  00000+0  13673-2 0  9995
2 59062  97.4080 287.6743 0014634  39.1412 321.0892 15.44227585 40526
SITRO-AIS 52            
1 59063U 24039N   24325.15410630  .00060287  00000+0  12979-2 0  9999
2 59063  97.4083 287.7017 0014451  39.0256 321.2032 15.44306744 40520
SITRO-AIS 25            
1 59066U 24039R   24325.14882111  .00007553  00000+0  67816-3 0  9996
2 59066  95.3876 203.1098 0163865 164.6638 195.9638 14.86066419 39246
SITRO-AIS 26            
1 59067U 24039S   24325.15568888  .00006355  00000+0  57282-3 0  9995
2 59067  95.3877 203.1029 0164039 164.7221 195.9041 14.85940741 39241
SITRO-AIS 27            
1 59068U 24039T   24325.12445854  .00006666  00000+0  59744-3 0  9990
2 59068  95.3877 203.1376 0163414 164.4970 196.1345 14.86211597 39242
SITRO-AIS 28            
1 59071U 24039U   24325.18442521  .00005433  00000+0  48718-3 0  9998
2 59071  95.3879 203.1928 0163241 164.2436 196.3953 14.86256606 39252
GRBBETA                 
1 60237U 24128C   24324.70186769  .00006353  00000+0  52869-3 0  9993
2 60237  61.9947  61.7666 0027282   4.8358 355.2989 14.99368962 19892
OOV-CUBE (TUBSAT-30)    
1 60240U 24128F   24324.77789713  .00004281  00000+0  37421-3 0  9997
2 60240  61.9984  62.1780 0025292 359.9725   0.1358 14.98084434 19906
ROBUSTA-3A (MEDITERRAN*)
1 60243U 24128J   24324.69112226  .00010543  00000+0  86454-3 0  9998
2 60243  61.9917  62.2120 0025603 352.6046   7.4662 14.99461115 19898
