ISS(ZARYA)
1 25544U 98067A   26126.52211723  .00006761  00000+0  13018-3 0  9995
2 25544  51.6304 146.3415 0007423  29.8733 330.2678 15.49120518565295
SO-50
1 27607U 02058C   26126.34593022  .00001243  00000+0  16364-3 0  9994
2 27607  64.5522 258.4302 0075638 270.0952  89.1487 14.82957980258258
AO-91(FOX-1B)
1 43017U 17073E   26126.19328906  .00009217  00000+0  40516-3 0  9995
2 43017  97.4752 354.2830 0154093 113.3782 248.3742 15.11958086459049
PO-101(DIWATA-2B)
1 43678U 18084H   26126.48705624  .00002625  00000+0  21465-3 0  9997
2 43678  98.1080 320.9128 0012461 314.9304  45.0907 15.00247230409966
RS-44
1 44909U 19096E   26126.41261568  .00000023  00000+0  52284-4 0  9990
2 44909  82.5249   7.4674 0216486 241.9477 115.9582 12.79748118297004
AO-27
1 22825U 93061C   26126.46490183  .00000096  00000+0  53506-4 0  9997
2 22825  98.6895 193.8891 0007693 216.3637 143.7024 14.30930890701037
AO-7
1 07530U 74089B   26126.50926965 -.00000050  00000+0 -21826-4 0  9991
2 07530 101.9922 139.3188 0012060 209.1080 305.8716 12.53697414355299
CAS-3H(LilacSat-2)
1 40908U 15049K   26126.52243185  .00016849  00000+0  30077-3 0  9994
2 40908  97.4702 161.8137 0008249  57.0538 303.1505 15.50094534589296
FO-29
1 24278U 96046B   26126.31526696 -.00000038  00000+0 -16652-5 0  9990
2 24278  98.5286 340.9120 0349410 204.9476 153.4419 13.53272324467506
CAS-6
1 44881U 19093C   26126.51178780  .00001239  00000+0  14609-3 0  9998
2 44881  97.7541 199.7589 0012422 219.5488 140.4823 14.86454737345223
CSS(TianHe)
1 48274U 21035A   26126.51198860  .00018334  00000+0  19633-3 0  9994
2 48274  41.4662 215.5968 0005106 343.3553  16.7118 15.63399586286650
JO-97
1 43803U 18099AX  26126.12327009  .00017744  00000+0  56955-3 0  9991
2 43803  97.4153 188.8507 0006925  70.9167 289.2824 15.32346816407182
NOAA-15
1 25338U 98030A   26126.54031579  .00000119  00000+0  66368-4 0  9995
2 25338  98.5092 148.2937 0011460 107.9171 252.3261 14.27133945455350
NOAA-18
1 28654U 05018A   26126.50652044  .00000062  00000+0  55747-4 0  9991
2 28654  98.8110 206.7868 0013127 269.2188  90.7480 14.13721837 80420
NOAA-19
1 33591U 09005A   26126.49806080  .00000053  00000+0  51761-4 0  9998
2 33591  98.9530 197.3397 0014460 145.0120 215.2005 14.13467655888599
METEOR-M2
1 44387U 19038A   26126.51827390  .00000267  00000+0  13523-3 0  9990
2 44387  98.9137 113.1934 0002088 110.8033 249.3369 14.24354775355361
XW-3(HO-113)
1 50466U 21131B   26126.54131514  .00000478  00000+0  16148-3 0  9991
2 50466  98.4958 219.1614 0003421 207.8721 152.2285 14.41317784229117
CSS(MengTian)
1 54216U 22143A   26126.51198860  .00018334  00000+0  19633-3 0  9998
2 54216  41.4662 215.5968 0005106 343.3553  16.7118 15.63399586286989
GreenCube
1 53106U 22080B   25119.54530882 -.00000003  00000-0  00000+0 0  9993
2 53106  70.1441  82.5809 0008360  32.9040 327.2139  6.42557753 65597
QO-100(Es'hail-2)
1 43700U 18090A   26126.48121241  .00000152  00000+0  00000+0 0  9998
2 43700   0.0125 273.4910 0001646 160.4904 349.4080  1.00271961 27252
SONATE-2
1 59112U 24043Q   26126.36776903  .00031240  00000+0  45228-3 0  9992
2 59112  97.5496 274.3124 0006221 359.7001   0.4249 15.55820028121389
AO-123(ASRTU-1)
1 61781U 24199AY  26126.51890845  .00007515  00000+0  22230-3 0  9994
2 61781  97.3051 355.5724 0015919  97.9861 262.3189 15.35071859127539
SO-125(HADES-ICM)
1 63492U 25052BN  26125.23154483  .00799001  00000+0  30672-2 0  9999
2 63492  97.3785  28.6812 0006494 160.2566 199.8957 15.85446468 64000
MO-122(MESAT-1)
1 60209U 24125G   26126.56567547  .00041237  00000+0  52675-3 0  9997
2 60209  97.2345 343.2239 0010213  21.2713 338.8966 15.59090455103075
TEVEL2-3
1 63219U 25052K   26126.27713125  .00016418  00000+0  52488-3 0  9999
2 63219  97.3918  22.2562 0000498 277.1828  82.9357 15.32514570 63674
